#      time         order        q_cool       q_equip      q_heat       q_light      q_loss       q_occ        qintw        ql_a         qventil      qwcb         qwind     
  72.00000000       1.0000       0.0000       0.0000       0.0000       0.0000       0.0000       0.0000       171.96     -6.33807E-08   0.0000      -172.33       0.0000    
  72.16000000       1.0000       0.0000       0.0000       0.0000       0.0000       0.0000       0.0000       171.84     -6.56273E-08   0.0000      -172.21       0.0000    
  72.32000000       1.0000       0.0000       0.0000       0.0000       0.0000       0.0000       0.0000       171.70     -6.78759E-08   0.0000      -172.06       0.0000    
  72.38621698       1.0000       0.0000       0.0000       0.0000       0.0000       0.0000       0.0000       171.64     -6.88070E-08   0.0000      -172.00       0.0000    
  72.38621698       1.0000       0.0000       0.0000       0.0000       0.0000       0.0000       0.0000       171.64     -6.88070E-08   0.0000      -172.00       0.0000    
  72.64221698       1.0000       0.0000       0.0000       0.0000       0.0000       0.0000       0.0000       171.38     -7.24095E-08   0.0000      -171.73       0.0000    
  72.89821698       1.0000       0.0000       0.0000       0.0000       0.0000       0.0000       0.0000       171.10     -7.60157E-08   0.0000      -171.44       0.0000    
  73.41021698       1.0000       0.0000       0.0000       0.0000       0.0000       0.0000       0.0000       170.55     -7.62301E-08   0.0000      -170.88       0.0000    
  74.43421698       1.0000       0.0000       0.0000       0.0000       0.0000       0.0000       0.0000       169.58     -7.34352E-08   0.0000      -169.89       0.0000    
  75.93421698       1.0000       0.0000       0.0000       0.0000       0.0000       0.0000       0.0000       167.99     -6.93193E-08   0.0000      -168.27       0.0000    
  77.43421698       1.0000       0.0000       0.0000       0.0000       0.0000       0.0000       0.0000       166.70     -6.87964E-08   0.0000      -166.97       0.0000    
  78.93421698       1.0000       0.0000       0.0000       0.0000       0.0000       0.0000       0.0000       166.19     -6.76682E-08   0.0000      -166.48       0.0000    
  80.43421698       1.0000       0.0000       0.0000       0.0000       0.0000       0.0000       0.0000       166.37     -6.88290E-08   0.0000      -166.67       0.0000    
  81.93421698       1.0000       0.0000       0.0000       0.0000       0.0000       0.0000       0.0000       166.63     -7.45319E-08   0.0000      -166.94       0.0000    
  83.43421698       1.0000       0.0000       0.0000       0.0000       0.0000       0.0000       0.0000       166.46     -7.63311E-08   0.0000      -166.75       0.0000    
  84.93421698       1.0000       0.0000       0.0000       0.0000       0.0000       0.0000       0.0000       165.33     -7.39542E-08   0.0000      -165.57       0.0000    
  86.43421698       1.0000       0.0000       0.0000       0.0000       0.0000       0.0000       0.0000       165.95     -8.45999E-08   0.0000      -166.24       0.0000    
  87.93421698       1.0000       0.0000       0.0000       0.0000       0.0000       0.0000       0.0000       168.22     -8.55865E-08   0.0000      -168.60       0.0000    
  89.43421698       1.0000       0.0000       0.0000       0.0000       0.0000       0.0000       0.0000       170.38     -8.06175E-08   0.0000      -170.77       0.0000    
  90.93421698       1.0000       0.0000       0.0000       0.0000       0.0000       0.0000       0.0000       172.07     -8.09220E-08   0.0000      -172.46       0.0000    
  92.43421698       1.0000       0.0000       0.0000       0.0000       0.0000       0.0000       0.0000       173.17     -7.86148E-08   0.0000      -173.54       0.0000    
  93.93421698       1.0000       0.0000       0.0000       0.0000       0.0000       0.0000       0.0000       173.59     -7.76578E-08   0.0000      -173.93       0.0000    
  95.43421698       1.0000       0.0000       0.0000       0.0000       0.0000       0.0000       0.0000       173.04     -7.35126E-08   0.0000      -173.33       0.0000    
  96.00000000       1.0000       0.0000       0.0000       0.0000       0.0000       0.0000       0.0000       172.68     -7.11973E-08   0.0000      -172.94       0.0000    
  96.00000000       1.0000       0.0000       0.0000       0.0000       0.0000       0.0000       0.0000       172.68     -7.11973E-08   0.0000      -172.94       0.0000    
  96.30158031       1.0000       0.0000       0.0000       0.0000       0.0000       0.0000       0.0000       172.45     -7.13386E-08   0.0000      -172.70       0.0000    
  96.39334524       1.0000       0.0000       0.0000       0.0000       0.0000       0.0000       0.0000       172.37     -7.13819E-08   0.0000      -172.62       0.0000    
  96.39334525       1.0000       0.0000       0.0000       0.0000       0.0000       0.0000       0.0000       172.37     -7.13819E-08   0.0000      -172.62       0.0000    
  96.63460949       1.0000       0.0000       0.0000       0.0000       0.0000       0.0000       0.0000       172.15     -7.14963E-08   0.0000      -172.39       0.0000    
  96.87587374       1.0000       0.0000       0.0000       0.0000       0.0000       0.0000       0.0000       171.90     -7.16117E-08   0.0000      -172.13       0.0000    
  97.35840222       1.0000       0.0000       0.0000       0.0000       0.0000       0.0000       0.0000       171.39     -7.16412E-08   0.0000      -171.61       0.0000    
  98.32345920       1.0000       0.0000       0.0000       0.0000       0.0000       0.0000       0.0000       170.48     -7.08260E-08   0.0000      -170.69       0.0000    
  99.82345920       1.0000       0.0000       0.0000       0.0000       0.0000       0.0000       0.0000       169.68     -7.05639E-08   0.0000      -169.89       0.0000    
  101.3234592       1.0000       0.0000       0.0000       0.0000       0.0000       0.0000       0.0000       168.75     -6.69493E-08   0.0000      -168.95       0.0000    
  102.8234592       1.0000       0.0000       0.0000       0.0000       0.0000       0.0000       0.0000       168.19     -6.76883E-08   0.0000      -168.39       0.0000    
  104.3234592       1.0000       0.0000       0.0000       0.0000       0.0000       0.0000       0.0000       168.64     -7.20910E-08   0.0000      -168.88       0.0000    
  105.8234592       1.0000       0.0000       0.0000       0.0000       0.0000       0.0000       0.0000       167.90     -6.88438E-08   0.0000      -168.08       0.0000    
  107.3234592       1.0000       0.0000       0.0000       0.0000       0.0000       0.0000       0.0000       162.88     -6.10060E-08   0.0000      -162.86       0.0000    
  108.8234592       1.0000       0.0000       0.0000       0.0000       0.0000       0.0000       0.0000       156.43     -5.71211E-08   0.0000      -156.29       0.0000    
  110.3234592       1.0000       0.0000       0.0000       0.0000       0.0000       0.0000       0.0000       152.94     -6.95853E-08   0.0000      -152.85       0.0000    
  111.8234592       1.0000       0.0000       0.0000       0.0000       0.0000       0.0000       0.0000       154.38     -7.32050E-08   0.0000      -154.47       0.0000    
  113.3234592       1.0000       0.0000       0.0000       0.0000       0.0000       0.0000       0.0000       159.24     -7.69313E-08   0.0000      -159.51       0.0000    
  114.8234592       1.0000       0.0000       0.0000       0.0000       0.0000       0.0000       0.0000       165.21     -8.02575E-08   0.0000      -165.60       0.0000    
  116.3234592       1.0000       0.0000       0.0000       0.0000       0.0000       0.0000       0.0000       169.25     -7.24377E-08   0.0000      -169.62       0.0000    
  117.8234592       1.0000       0.0000       0.0000       0.0000       0.0000       0.0000       0.0000       170.71     -6.92189E-08   0.0000      -170.99       0.0000    
  119.3234592       1.0000       0.0000       0.0000       0.0000       0.0000       0.0000       0.0000       171.54     -7.35446E-08   0.0000      -171.80       0.0000    
  120.0000000       1.0000       0.0000       0.0000       0.0000       0.0000       0.0000       0.0000       171.99     -7.46321E-08   0.0000      -172.25       0.0000    
  120.0000000       1.0000       0.0000       0.0000       0.0000       0.0000       0.0000       0.0000       171.99     -7.46321E-08   0.0000      -172.25       0.0000    
  120.3064111       1.0000       0.0000       0.0000       0.0000       0.0000       0.0000       0.0000       172.21     -7.35550E-08   0.0000      -172.48       0.0000    
  120.4004368       1.0000       0.0000       0.0000       0.0000       0.0000       0.0000       0.0000       172.28     -7.32245E-08   0.0000      -172.55       0.0000    
  120.4004368       1.0000       0.0000       0.0000       0.0000       0.0000       0.0000       0.0000       172.28     -7.32245E-08   0.0000      -172.55       0.0000    
  120.6455657       1.0000       0.0000       0.0000       0.0000       0.0000       0.0000       0.0000       172.47     -7.23626E-08   0.0000      -172.75       0.0000    
  120.8906945       1.0000       0.0000       0.0000       0.0000       0.0000       0.0000       0.0000       172.68     -7.15005E-08   0.0000      -172.96       0.0000    
  121.3809522       1.0000       0.0000       0.0000       0.0000       0.0000       0.0000       0.0000       173.14     -7.36752E-08   0.0000      -173.43       0.0000    
  122.3614677       1.0000       0.0000       0.0000       0.0000       0.0000       0.0000       0.0000       174.59     -7.83942E-08   0.0000      -174.91       0.0000    
  123.8614677       1.0000       0.0000       0.0000       0.0000       0.0000       0.0000       0.0000       177.57     -8.02399E-08   0.0000      -177.95       0.0000    
  125.3614677       1.0000       0.0000       0.0000       0.0000       0.0000       0.0000       0.0000       181.14     -8.48642E-08   0.0000      -181.58       0.0000    
  126.7323077       1.0000       0.0000       0.0000       0.0000       0.0000       0.0000       0.0000       184.30     -8.53118E-08   0.0000      -184.76       0.0000    
  126.7323077       1.0000       0.0000       0.0000       0.0000       0.0000       0.0000       0.0000       184.30     -8.53118E-08   0.0000      -184.76       0.0000    
  128.3011324       1.0000       0.0000       0.0000       0.0000       0.0000       0.0000       0.0000       187.73     -8.83084E-08   0.0000      -188.21       0.0000    
  129.6233333       1.0000       0.0000       0.0000       0.0000       0.0000       0.0000       0.0000       188.66     -8.42446E-08   0.0000      -189.06       0.0000    
  129.6233333       1.0000       0.0000       0.0000       0.0000       0.0000       0.0000       0.0000       188.66     -8.42446E-08   0.0000      -189.06       0.0000    
  130.8783931       1.0000       0.0000       0.0000       0.0000       0.0000       0.0000       0.0000       187.76     -8.00191E-08   0.0000      -188.04       0.0000    
  132.1334529       1.0000       0.0000       0.0000       0.0000       0.0000       0.0000       0.0000       182.67     -6.55101E-08   0.0000      -182.74       0.0000    
  133.6334529       1.0000       0.0000       0.0000       0.0000       0.0000       0.0000       0.0000       175.05     -6.37779E-08   0.0000      -174.95       0.0000    
  135.1334529       1.0000       0.0000       0.0000       0.0000       0.0000       0.0000       0.0000       170.11     -6.71574E-08   0.0000      -170.04       0.0000    
  136.6334529       1.0000       0.0000       0.0000       0.0000       0.0000       0.0000       0.0000       168.33     -6.78035E-08   0.0000      -168.35       0.0000    
  138.1334529       1.0000       0.0000       0.0000       0.0000       0.0000       0.0000       0.0000       167.81     -6.55761E-08   0.0000      -167.88       0.0000    
  139.6334529       1.0000       0.0000       0.0000       0.0000       0.0000       0.0000       0.0000       168.82     -6.69417E-08   0.0000      -168.95       0.0000    
  141.1334529       1.0000       0.0000       0.0000       0.0000       0.0000       0.0000       0.0000       168.50     -5.92756E-08   0.0000      -168.59       0.0000    
  142.6334529       1.0000       0.0000       0.0000       0.0000       0.0000       0.0000       0.0000       165.85     -4.99724E-08   0.0000      -165.82       0.0000    
  144.0000000       1.0000       0.0000       0.0000       0.0000       0.0000       0.0000       0.0000       162.85     -5.12265E-08   0.0000      -162.76       0.0000    
  144.0000000       1.0000       0.0000       0.0000       0.0000       0.0000       0.0000       0.0000       162.85     -5.12265E-08   0.0000      -162.76       0.0000    
