#      time         order        q_cool       q_equip      q_heat       q_light      q_loss       q_occ        qintw        ql_a         qventil      qwcb         qwind     
  72.00000000       1.0000       0.0000       0.0000       871.39       0.0000       0.0000      1.68608E-28  -52.724     -1.73662E-07  -343.98      -351.89      -81.548    
  72.16000000       1.0000       0.0000       0.0000       820.84       0.0000       0.0000      1.68635E-28  -44.519     -1.78109E-07  -351.28      -347.15      -82.974    
  72.32000000       1.0000       0.0000       0.0000       818.46       0.0000       0.0000      1.68606E-28  -39.021     -1.82284E-07  -359.93      -344.86      -84.427    
  72.38621698       1.0000       0.0000       0.0000       823.78       0.0000       0.0000      1.68598E-28  -38.762     -1.84023E-07  -363.56      -345.05      -85.028    
  72.38621698       1.0000       0.0000       0.0000       823.78       0.0000       0.0000      1.68598E-28  -38.762     -1.84023E-07  -363.56      -345.05      -85.028    
  72.64221698       1.0000       0.0000       0.0000       859.41       0.0000       0.0000      1.68592E-28  -46.804     -1.90904E-07  -377.94      -350.48      -87.170    
  72.89821698       1.0000       0.0000       0.0000       887.31       0.0000       0.0000      1.68595E-28  -54.026     -1.97833E-07  -392.48      -354.83      -88.770    
  73.41021698       1.0000       0.0000       0.0000       893.52       0.0000       0.0000      1.68605E-28  -58.080     -1.98413E-07  -393.75      -355.56      -88.658    
  74.43421698       1.0000       0.0000       0.0000       876.00       0.0000       0.0000      1.68612E-28  -56.939     -1.93358E-07  -383.16      -352.10      -86.958    
  75.93421698       1.0000       0.0000       0.0000       850.79       0.0000       0.0000      1.68608E-28  -55.194     -1.85855E-07  -367.50      -347.74      -83.634    
  77.43421698       1.0000       0.0000       0.0000       851.73       0.0000       0.0000      1.59054E-28  -57.994     -1.85156E-07  -366.06      -346.70      -84.365    
  78.93421698       1.0000       0.0000       0.0000       850.17       0.0000       0.0000      8.72299E-29  -60.055     -1.83334E-07  -362.23      -346.06      -85.031    
  80.43421698       1.0000       0.0000       0.0000       863.18       0.0000       0.0000      1.38652E-29  -64.994     -1.85877E-07  -367.47      -347.84      -85.949    
  81.93421698       1.0000       0.0000       0.0000       898.41       0.0000       0.0000       0.0000      -81.408     -1.97049E-07  -390.79      -355.25      -73.898    
  83.43421698       1.0000       0.0000       0.0000       909.10       0.0000       0.0000      1.91069E-29  -89.793     -2.00796E-07  -398.68      -356.38      -67.140    
  84.93421698       1.0000       0.0000       0.0000       890.77       0.0000       0.0000      1.00201E-28  -90.860     -1.96554E-07  -389.77      -352.87      -60.122    
  86.43421698       1.0000       0.0000       0.0000       971.60       0.0000       0.0000      1.38650E-29  -100.94     -2.17072E-07  -433.11      -359.02      -81.698    
  87.93421698       1.0000       0.0000       0.0000       989.09       0.0000       0.0000      6.28601E-31  -100.08     -2.19383E-07  -438.06      -360.30      -93.545    
  89.43421698       1.0000       0.0000       0.0000       960.63       0.0000       0.0000      6.31297E-29  -93.687     -2.10393E-07  -418.98      -358.76      -92.143    
  90.93421698       1.0000       0.0000       0.0000       967.02       0.0000       0.0000      1.33023E-28  -95.064     -2.11389E-07  -421.09      -361.51      -92.507    
  92.43421698       1.0000       0.0000       0.0000       956.19       0.0000       0.0000      1.39663E-28  -93.666     -2.07421E-07  -412.71      -361.56      -91.397    
  93.93421698       1.0000       0.0000       0.0000       952.94       0.0000       0.0000      1.67676E-28  -94.308     -2.05978E-07  -409.68      -362.00      -90.226    
  95.43421698       1.0000       0.0000       0.0000       927.45       0.0000       0.0000      1.68608E-28  -91.182     -1.98433E-07  -393.83      -358.91      -86.881    
  96.00000000       1.0000       0.0000       0.0000       912.71       0.0000       0.0000      1.68609E-28  -89.081     -1.94151E-07  -384.86      -356.99      -85.115    
  96.00000000       1.0000       0.0000       0.0000       912.71       0.0000       0.0000      1.68608E-28  -89.081     -1.94151E-07  -384.86      -356.99      -85.115    
  96.30158031       1.0000       0.0000       0.0000       912.81       0.0000       0.0000      1.68605E-28  -89.003     -1.94460E-07  -385.49      -356.81      -85.238    
  96.39334524       1.0000       0.0000       0.0000       913.65       0.0000       0.0000      1.68605E-28  -89.300     -1.94558E-07  -385.70      -356.91      -85.277    
  96.39334525       1.0000       0.0000       0.0000       913.65       0.0000       0.0000      1.68605E-28  -89.300     -1.94558E-07  -385.70      -356.91      -85.277    
  96.63460949       1.0000       0.0000       0.0000       915.56       0.0000       0.0000      1.68605E-28  -90.141     -1.94820E-07  -386.25      -357.15      -85.380    
  96.87587374       1.0000       0.0000       0.0000       916.94       0.0000       0.0000      1.68605E-28  -90.838     -1.95082E-07  -386.80      -357.21      -85.484    
  97.35840222       1.0000       0.0000       0.0000       918.19       0.0000       0.0000      1.68606E-28  -91.947     -1.95218E-07  -387.08      -357.00      -85.542    
  98.32345920       1.0000       0.0000       0.0000       914.77       0.0000       0.0000      1.68606E-28  -92.749     -1.93823E-07  -384.16      -355.77      -85.449    
  99.82345920       1.0000       0.0000       0.0000       916.49       0.0000       0.0000      1.68606E-28  -94.858     -1.93564E-07  -383.62      -355.27      -86.153    
  101.3234592       1.0000       0.0000       0.0000       894.93       0.0000       0.0000      1.61969E-28  -92.824     -1.86926E-07  -369.74      -352.04      -83.602    
  102.8234592       1.0000       0.0000       0.0000       903.39       0.0000       0.0000      9.21575E-29  -96.076     -1.88542E-07  -373.09      -352.55      -85.022    
  104.3234592       1.0000       0.0000       0.0000       937.52       0.0000       0.0000      1.82133E-29  -104.25     -1.97159E-07  -391.11      -356.84      -88.655    
  105.8234592       1.0000       0.0000       0.0000       903.11       0.0000       0.0000       0.0000      -113.59     -1.91218E-07  -378.73      -358.93      -55.167    
  107.3234592       1.0000       0.0000       0.0000       827.62       0.0000       0.0000      1.32762E-29  -121.03     -1.76320E-07  -347.81      -352.05      -10.225    
  108.8234592       1.0000       0.0000       0.0000       800.62       0.0000       0.0000      1.03315E-28  -111.69     -1.68758E-07  -332.28      -334.89      -25.629    
  110.3234592       1.0000       0.0000       0.0000       872.58       0.0000       0.0000      1.82130E-29  -136.96     -1.92299E-07  -380.94      -346.00      -12.273    
  111.8234592       1.0000       0.0000       0.0000       927.06       0.0000       0.0000      1.09869E-31  -120.32     -1.99283E-07  -395.57      -335.98      -78.435    
  113.3234592       1.0000       0.0000       0.0000       967.12       0.0000       0.0000      5.58659E-29  -120.86     -2.06670E-07  -411.13      -344.20      -94.166    
  114.8234592       1.0000       0.0000       0.0000       998.41       0.0000       0.0000      1.31466E-28  -125.21     -2.13423E-07  -425.40      -354.21      -96.711    
  116.3234592       1.0000       0.0000       0.0000       949.62       0.0000       0.0000      1.38206E-28  -115.09     -1.99003E-07  -395.00      -352.59      -90.019    
  117.8234592       1.0000       0.0000       0.0000       929.41       0.0000       0.0000      1.66899E-28  -111.49     -1.93197E-07  -382.83      -352.09      -86.342    
  119.3234592       1.0000       0.0000       0.0000       963.24       0.0000       0.0000      1.68603E-28  -118.52     -2.01687E-07  -400.58      -356.91      -90.407    
  120.0000000       1.0000       0.0000       0.0000       973.77       0.0000       0.0000      1.68604E-28  -120.77     -2.03890E-07  -405.21      -358.43      -92.316    
  120.0000000       1.0000       0.0000       0.0000       973.77       0.0000       0.0000      1.68604E-28  -120.77     -2.03890E-07  -405.21      -358.43      -92.316    
  120.3064111       1.0000       0.0000       0.0000       968.60       0.0000       0.0000      1.68608E-28  -120.38     -2.01924E-07  -401.08      -358.05      -91.649    
  120.4004368       1.0000       0.0000       0.0000       966.08       0.0000       0.0000      1.68609E-28  -119.88     -2.01317E-07  -399.79      -357.75      -91.448    
  120.4004368       1.0000       0.0000       0.0000       966.08       0.0000       0.0000      1.68609E-28  -119.88     -2.01317E-07  -399.79      -357.75      -91.448    
  120.6455657       1.0000       0.0000       0.0000       959.99       0.0000       0.0000      1.68608E-28  -118.54     -1.99728E-07  -396.44      -357.03      -90.931    
  120.8906945       1.0000       0.0000       0.0000       954.59       0.0000       0.0000      1.68608E-28  -117.41     -1.98140E-07  -393.09      -356.55      -90.414    
  121.3809522       1.0000       0.0000       0.0000       969.73       0.0000       0.0000      1.68603E-28  -119.66     -2.02349E-07  -401.91      -358.88      -92.528    
  122.3614677       1.0000       0.0000       0.0000       1007.5       0.0000       0.0000      1.68602E-28  -127.03     -2.11546E-07  -421.34      -365.04      -96.864    
  123.8614677       1.0000       0.0000       0.0000       1026.1       0.0000       0.0000      1.68605E-28  -130.29     -2.15489E-07  -429.74      -370.15      -98.642    
  125.3614677       1.0000       0.0000       0.0000       1063.7       0.0000       0.0000      1.61074E-28  -136.45     -2.24752E-07  -449.48      -378.05      -102.45    
  126.7323077       1.0000       0.0000       0.0000       1071.8       0.0000       0.0000      9.62131E-29  -137.11     -2.26079E-07  -452.33      -382.20      -102.77    
  126.7323077       1.0000       0.0000       0.0000       1071.8       0.0000       0.0000      9.62131E-29  -137.11     -2.26079E-07  -452.33      -382.20      -102.77    
  128.3011324       1.0000       0.0000       0.0000       1097.8       0.0000       0.0000      1.91545E-29  -141.12     -2.32322E-07  -465.72      -388.92      -104.56    
  129.6233333       1.0000       0.0000       0.0000       1064.3       0.0000       0.0000       0.0000      -140.47     -2.25014E-07  -450.08      -389.18      -87.334    
  129.6233333       1.0000       0.0000       0.0000       1064.3       0.0000       0.0000       0.0000      -140.47     -2.25014E-07  -450.08      -389.18      -87.334    
  130.8783931       1.0000       0.0000       0.0000       1024.8       0.0000       0.0000      7.34317E-31  -142.24     -2.17279E-07  -433.58      -388.55      -63.426    
  132.1334529       1.0000       0.0000       0.0000       916.08       0.0000       0.0000      7.83851E-29  -129.02     -1.89806E-07  -375.72      -372.52      -41.674    
  133.6334529       1.0000       0.0000       0.0000       896.77       0.0000       0.0000      5.86924E-29  -127.85     -1.86373E-07  -368.55      -363.55      -40.215    
  135.1334529       1.0000       0.0000       0.0000       928.86       0.0000       0.0000      3.11670E-31  -125.58     -1.92701E-07  -381.75      -358.03      -66.781    
  136.6334529       1.0000       0.0000       0.0000       944.36       0.0000       0.0000      1.63972E-29  -122.19     -1.93960E-07  -384.42      -354.64      -86.375    
  138.1334529       1.0000       0.0000       0.0000       932.05       0.0000       0.0000      1.07728E-28  -121.41     -1.89814E-07  -375.78      -354.01      -84.184    
  139.6334529       1.0000       0.0000       0.0000       947.42       0.0000       0.0000      1.34884E-28  -124.05     -1.92548E-07  -381.48      -356.86      -88.468    
  141.1334529       1.0000       0.0000       0.0000       895.28       0.0000       0.0000      1.55186E-28  -116.56     -1.78105E-07  -351.54      -351.20      -79.528    
  142.6334529       1.0000       0.0000       0.0000       831.84       0.0000       0.0000      1.68610E-28  -106.90     -1.60409E-07  -315.26      -341.55      -72.115    
  144.0000000       1.0000       0.0000       0.0000       839.89       0.0000       0.0000      1.68605E-28  -111.24     -1.62682E-07  -319.83      -339.78      -73.060    
  144.0000000       1.0000       0.0000       0.0000       839.89       0.0000       0.0000      1.68605E-28  -111.24     -1.62682E-07  -319.83      -339.78      -73.060    
