#      time         order        q_cool       q_equip      q_heat       q_light      q_loss       q_occ        qintw        ql_a         qventil      qwcb         qwind     
  72.00000000       1.0000       0.0000       0.0000       1372.2       0.0000       0.0000      1.68610E-28   64.606     -1.73671E-07  -401.43      -545.66      -428.94    
  72.16000000       1.0000       0.0000       0.0000       1303.1       0.0000       0.0000      1.68646E-28   69.985     -1.78168E-07  -410.07      -531.94      -436.79    
  72.32000000       1.0000       0.0000       0.0000       1297.7       0.0000       0.0000      1.68608E-28   78.732     -1.82294E-07  -420.05      -525.86      -444.70    
  72.38621698       1.0000       0.0000       0.0000       1304.6       0.0000       0.0000      1.68596E-28   80.467     -1.84011E-07  -424.23      -525.79      -447.98    
  72.38621698       1.0000       0.0000       0.0000       1304.6       0.0000       0.0000      1.68596E-28   80.467     -1.84011E-07  -424.23      -525.79      -447.98    
  72.64221698       1.0000       0.0000       0.0000       1358.5       0.0000       0.0000      1.68585E-28   75.512     -1.90866E-07  -440.96      -536.84      -459.97    
  72.89821698       1.0000       0.0000       0.0000       1401.7       0.0000       0.0000      1.68589E-28   70.109     -1.97803E-07  -457.94      -547.35      -469.47    
  73.41021698       1.0000       0.0000       0.0000       1411.8       0.0000       0.0000      1.68604E-28   66.281     -1.98409E-07  -459.48      -552.02      -469.07    
  74.43421698       1.0000       0.0000       0.0000       1383.7       0.0000       0.0000      1.68613E-28   67.273     -1.93363E-07  -447.15      -547.99      -459.47    
  75.93421698       1.0000       0.0000       0.0000       1340.2       0.0000       0.0000      1.68609E-28   68.713     -1.85861E-07  -428.88      -542.37      -441.46    
  77.43421698       1.0000       0.0000       0.0000       1342.1       0.0000       0.0000      1.59054E-28   68.270     -1.85156E-07  -427.18      -542.24      -444.98    
  78.93421698       1.0000       0.0000       0.0000       1340.2       0.0000       0.0000      8.72299E-29   67.770     -1.83334E-07  -422.71      -541.18      -447.86    
  80.43421698       1.0000       0.0000       0.0000       1357.9       0.0000       0.0000      1.38652E-29   65.155     -1.85876E-07  -428.83      -545.03      -452.82    
  81.93421698       1.0000       0.0000       0.0000       1380.4       0.0000       0.0000       0.0000       38.308     -1.97053E-07  -456.05      -594.77      -371.26    
  83.43421698       1.0000       0.0000       0.0000       1375.6       0.0000       0.0000      1.91082E-29   22.896     -2.00801E-07  -465.26      -614.76      -321.84    
  84.93421698       1.0000       0.0000       0.0000       1327.6       0.0000       0.0000      1.00202E-28   14.594     -1.96564E-07  -454.88      -621.51      -269.09    
  86.43421698       1.0000       0.0000       0.0000       1481.0       0.0000       0.0000      1.38646E-29   28.479     -2.17048E-07  -505.37      -593.19      -414.82    
  87.93421698       1.0000       0.0000       0.0000       1529.2       0.0000       0.0000      6.28593E-31   39.389     -2.19373E-07  -511.18      -568.01      -492.68    
  89.43421698       1.0000       0.0000       0.0000       1485.5       0.0000       0.0000      6.31301E-29   43.547     -2.10398E-07  -488.95      -557.80      -485.61    
  90.93421698       1.0000       0.0000       0.0000       1494.0       0.0000       0.0000      1.33023E-28   42.804     -2.11389E-07  -491.39      -560.82      -488.27    
  92.43421698       1.0000       0.0000       0.0000       1475.8       0.0000       0.0000      1.39663E-28   43.579     -2.07424E-07  -481.63      -559.09      -482.29    
  93.93421698       1.0000       0.0000       0.0000       1467.3       0.0000       0.0000      1.67676E-28   43.327     -2.05980E-07  -478.08      -560.19      -476.13    
  95.43421698       1.0000       0.0000       0.0000       1424.1       0.0000       0.0000      1.68609E-28   45.245     -1.98439E-07  -459.60      -555.18      -458.46    
  96.00000000       1.0000       0.0000       0.0000       1399.7       0.0000       0.0000      1.68610E-28   46.473     -1.94159E-07  -449.14      -551.90      -449.02    
  96.00000000       1.0000       0.0000       0.0000       1399.7       0.0000       0.0000      1.68610E-28   46.473     -1.94159E-07  -449.14      -551.90      -449.02    
  96.30158031       1.0000       0.0000       0.0000       1399.1       0.0000       0.0000      1.68605E-28   47.352     -1.94460E-07  -449.86      -551.52      -449.67    
  96.39334524       1.0000       0.0000       0.0000       1400.3       0.0000       0.0000      1.68605E-28   47.231     -1.94556E-07  -450.09      -551.86      -449.87    
  96.39334525       1.0000       0.0000       0.0000       1400.3       0.0000       0.0000      1.68605E-28   47.231     -1.94556E-07  -450.09      -551.86      -449.87    
  96.63460949       1.0000       0.0000       0.0000       1403.4       0.0000       0.0000      1.68605E-28   46.732     -1.94818E-07  -450.73      -552.83      -450.43    
  96.87587374       1.0000       0.0000       0.0000       1405.6       0.0000       0.0000      1.68605E-28   46.417     -1.95080E-07  -451.37      -553.57      -450.98    
  97.35840222       1.0000       0.0000       0.0000       1407.6       0.0000       0.0000      1.68606E-28   45.994     -1.95218E-07  -451.71      -554.55      -451.30    
  98.32345920       1.0000       0.0000       0.0000       1403.2       0.0000       0.0000      1.68606E-28   46.080     -1.93824E-07  -448.30      -554.13      -450.73    
  99.82345920       1.0000       0.0000       0.0000       1407.1       0.0000       0.0000      1.68606E-28   45.771     -1.93564E-07  -447.67      -554.75      -454.42    
  101.3234592       1.0000       0.0000       0.0000       1371.3       0.0000       0.0000      1.61970E-28   47.143     -1.86931E-07  -431.49      -549.82      -440.94    
  102.8234592       1.0000       0.0000       0.0000       1385.1       0.0000       0.0000      9.21573E-29   46.369     -1.88540E-07  -435.39      -551.71      -448.29    
  104.3234592       1.0000       0.0000       0.0000       1438.9       0.0000       0.0000      1.82131E-29   42.207     -1.97152E-07  -456.40      -560.98      -467.63    
  105.8234592       1.0000       0.0000       0.0000       1299.0       0.0000       0.0000       0.0000      -13.331     -1.91253E-07  -442.04      -665.90      -181.35    
  107.3234592       1.0000       0.0000       0.0000       846.19       0.0000       0.0000      1.32781E-29  -213.46     -1.76447E-07  -406.18      -1119.2       889.13    
  108.8234592       1.0000       0.0000       0.0000       852.35       0.0000       0.0000      1.03314E-28  -130.18     -1.68747E-07  -387.74      -842.28       502.44    
  110.3234592       1.0000       0.0000       0.0000       943.67       0.0000       0.0000      1.82129E-29  -149.27     -1.92292E-07  -444.53      -843.31       489.28    
  111.8234592       1.0000       0.0000       0.0000       1284.8       0.0000       0.0000      1.09857E-31   15.511     -1.99187E-07  -461.39      -450.32      -392.92    
  113.3234592       1.0000       0.0000       0.0000       1401.7       0.0000       0.0000      5.58642E-29   26.572     -2.06644E-07  -479.71      -453.82      -498.07    
  114.8234592       1.0000       0.0000       0.0000       1459.5       0.0000       0.0000      1.31465E-28   24.244     -2.13414E-07  -496.40      -479.52      -511.33    
  116.3234592       1.0000       0.0000       0.0000       1382.3       0.0000       0.0000      1.38208E-28   30.896     -1.99013E-07  -460.98      -479.55      -476.17    
  117.8234592       1.0000       0.0000       0.0000       1349.4       0.0000       0.0000      1.66899E-28   35.347     -1.93201E-07  -446.76      -485.32      -456.62    
  119.3234592       1.0000       0.0000       0.0000       1409.4       0.0000       0.0000      1.68601E-28   34.609     -2.01678E-07  -467.44      -502.40      -477.98    
  120.0000000       1.0000       0.0000       0.0000       1431.1       0.0000       0.0000      1.68603E-28   34.504     -2.03881E-07  -472.85      -508.18      -487.98    
  120.0000000       1.0000       0.0000       0.0000       1431.1       0.0000       0.0000      1.68603E-28   34.504     -2.03881E-07  -472.85      -508.18      -487.98    
  120.3064111       1.0000       0.0000       0.0000       1424.6       0.0000       0.0000      1.68609E-28   34.282     -2.01929E-07  -468.05      -509.14      -484.39    
  120.4004368       1.0000       0.0000       0.0000       1420.9       0.0000       0.0000      1.68610E-28   34.711     -2.01323E-07  -466.56      -508.85      -483.31    
  120.4004368       1.0000       0.0000       0.0000       1420.9       0.0000       0.0000      1.68610E-28   34.711     -2.01323E-07  -466.56      -508.85      -483.31    
  120.6455657       1.0000       0.0000       0.0000       1411.7       0.0000       0.0000      1.68609E-28   35.997     -1.99734E-07  -462.65      -508.02      -480.56    
  120.8906945       1.0000       0.0000       0.0000       1403.6       0.0000       0.0000      1.68609E-28   37.005     -1.98145E-07  -458.74      -507.47      -477.80    
  121.3809522       1.0000       0.0000       0.0000       1428.8       0.0000       0.0000      1.68601E-28   37.398     -2.02338E-07  -468.99      -512.52      -488.73    
  122.3614677       1.0000       0.0000       0.0000       1492.6       0.0000       0.0000      1.68600E-28   34.141     -2.11533E-07  -491.66      -526.62      -511.71    
  123.8614677       1.0000       0.0000       0.0000       1524.1       0.0000       0.0000      1.68604E-28   32.520     -2.15485E-07  -501.48      -537.13      -521.07    
  125.3614677       1.0000       0.0000       0.0000       1584.5       0.0000       0.0000      1.61072E-28   29.487     -2.24744E-07  -524.51      -551.58      -541.17    
  126.7323077       1.0000       0.0000       0.0000       1596.9       0.0000       0.0000      9.62129E-29   28.809     -2.26077E-07  -527.85      -557.71      -543.22    
  126.7323077       1.0000       0.0000       0.0000       1596.9       0.0000       0.0000      9.62129E-29   28.809     -2.26077E-07  -527.85      -557.71      -543.22    
  128.3011324       1.0000       0.0000       0.0000       1636.1       0.0000       0.0000      1.91545E-29   26.203     -2.32320E-07  -543.48      -569.44      -552.28    
  129.6233333       1.0000       0.0000       0.0000       1556.7       0.0000       0.0000       0.0000       12.130     -2.25031E-07  -525.27      -595.62      -450.95    
  129.6233333       1.0000       0.0000       0.0000       1556.7       0.0000       0.0000       0.0000       12.130     -2.25031E-07  -525.27      -595.62      -450.95    
  130.8783931       1.0000       0.0000       0.0000       1429.7       0.0000       0.0000      7.34357E-31  -27.368     -2.17322E-07  -506.07      -681.24      -218.25    
  132.1334529       1.0000       0.0000       0.0000       1171.1       0.0000       0.0000      7.83906E-29  -65.389     -1.89866E-07  -438.59      -750.81       80.459    
  133.6334529       1.0000       0.0000       0.0000       1147.0       0.0000       0.0000      5.86925E-29  -45.273     -1.86374E-07  -430.09      -690.01       14.018    
  135.1334529       1.0000       0.0000       0.0000       1289.6       0.0000       0.0000      3.11656E-31   16.280     -1.92664E-07  -445.40      -555.56      -309.03    
  136.6334529       1.0000       0.0000       0.0000       1365.8       0.0000       0.0000      1.63968E-29   40.920     -1.93940E-07  -448.55      -505.73      -456.12    
  138.1334529       1.0000       0.0000       0.0000       1352.0       0.0000       0.0000      1.07728E-28   40.624     -1.89814E-07  -438.53      -513.45      -444.41    
  139.6334529       1.0000       0.0000       0.0000       1387.0       0.0000       0.0000      1.34883E-28   41.793     -1.92541E-07  -445.16      -520.51      -467.21    
  141.1334529       1.0000       0.0000       0.0000       1296.3       0.0000       0.0000      1.55188E-28   45.028     -1.78118E-07  -410.27      -515.50      -419.55    
  142.6334529       1.0000       0.0000       0.0000       1195.3       0.0000       0.0000      1.68613E-28   51.884     -1.60422E-07  -367.93      -503.32      -380.60    
  144.0000000       1.0000       0.0000       0.0000       1210.2       0.0000       0.0000      1.68605E-28   51.944     -1.62680E-07  -373.22      -508.57      -385.16    
  144.0000000       1.0000       0.0000       0.0000       1210.2       0.0000       0.0000      1.68605E-28   51.944     -1.62680E-07  -373.22      -508.57      -385.16    
